%YAML:1.0
description: happy
samples:
   - !!opencv-matrix
      rows: 198
      cols: 1
      dt: d
      data: [ -2.0208525875203165e+01, -1.9505017531240291e+01,
          -1.8451320310007937e+01, -1.7088474069906056e+01,
          -1.5049143874841240e+01, -1.2026987642276366e+01,
          -8.1846755263860143e+00, -3.6333229408947521e+00,
          1.4876309876952520e+00, 6.4040554898117295e+00,
          1.0613402894026892e+01, 1.4159797601878877e+01,
          1.6824210138738284e+01, 1.8232535604496292e+01,
          1.8898072821203847e+01, 1.9307460713490276e+01,
          1.9422150035738937e+01, -1.7002951364844193e+01,
          -1.4846885513213238e+01, -1.2041471611100338e+01,
          -9.0877105394279329e+00, -6.1928349532708404e+00,
          3.1192221122797239e+00, 6.0279517375910290e+00,
          9.1189351613969141e+00, 1.2248590186101374e+01,
          1.4960131202518101e+01, -1.1092526008233961e+00,
          -8.0316178120613868e-01, -4.8292179919955752e-01,
          -1.5750052381656626e-01, -3.7043099821251908e+00,
          -1.8852074024718990e+00, 3.0439925354503350e-02,
          1.9946806110072399e+00, 3.8086175351058151e+00,
          -1.2974211550946997e+01, -1.1161337351175559e+01,
          -8.8531270099043784e+00, -6.8191151379576214e+00,
          -8.7987765866744798e+00, -1.0921873223883242e+01,
          5.1893558186577096e+00, 7.0640808802157053e+00,
          9.4405304707927833e+00, 1.1580972572378865e+01,
          9.5868998466398931e+00, 7.3718641591037706e+00,
          -6.8278511887347095e+00, -4.6973310660966474e+00,
          -2.1433350602279626e+00, 6.0495895903990837e-01,
          3.3094786269737684e+00, 6.0422218509657153e+00,
          8.5089100209197781e+00, 6.5212707288802374e+00,
          3.8967186084469971e+00, 9.6537151635119378e-01,
          -1.9281448532545760e+00, -4.6624955317347716e+00,
          -2.4364485210002735e+00, 7.2872010614825988e-01,
          3.8542913395060650e+00, 3.9241133947399152e+00,
          7.2829169766647595e-01, -2.4853718919111620e+00,
          -5.5021637621268606e+00, -6.1907037919697361e-01,
          4.2265504641897556e+00, 8.9388369578609801e+00,
          1.3375255599427451e+01, 1.7311087335364409e+01,
          2.0577948991733777e+01, 2.2848196179539389e+01,
          2.3306404516572222e+01, 2.2408831222838689e+01,
          1.9885759174264134e+01, 1.6528377533777654e+01,
          1.2490360532447404e+01, 7.7473047917202891e+00,
          2.5895750445220389e+00, -2.7099151865144839e+00,
          -8.0259885171145715e+00, -1.3894475617604908e+01,
          -1.5856886499963759e+01, -1.6777735197281203e+01,
          -1.6914218622208377e+01, -1.6478578970694080e+01,
          -1.7449765357234202e+01, -1.8611409347132973e+01,
          -1.9151799399489658e+01, -1.8845141892317645e+01,
          -1.7330919902471351e+01, -1.1293835764779125e+01,
          -8.1827544489958068e+00, -5.0982885906249820e+00,
          -2.0193050039419056e+00, 1.3789354612463396e+00,
          1.8644411752790591e+00, 1.9506183316169325e+00,
          1.5136729911085687e+00, 6.8787320655802375e-01,
          -9.5762557610856582e+00, -1.0957683299851185e+01,
          -1.1201345264973938e+01, -1.0314812430254074e+01,
          -9.6413761216772365e+00, -9.3305440548016652e+00,
          -1.1531725906067184e+01, -1.2907830812930310e+01,
          -1.3088539959921320e+01, -1.2131790802588263e+01,
          -1.1435020325542467e+01, -1.1285447974426795e+01,
          8.7671580353309526e+00, 7.0358873518701568e+00,
          5.9347724593667550e+00, 5.9416310829201171e+00,
          5.4385169183812661e+00, 6.0762232073224931e+00,
          7.3347544154515187e+00, 9.4516248510259206e+00,
          1.0807761630982521e+01, 1.1332895834871360e+01,
          1.1335870042390285e+01, 1.0501910589482470e+01,
          8.0087521439422531e+00, 7.8093874407524586e+00,
          7.4171925918931558e+00, 8.0889859366568366e+00,
          8.5666516163214954e+00, 8.6847350533096499e+00,
          2.1171293472867660e+01, 2.0624132531976208e+01,
          2.0373466365827870e+01, 1.8342990801650885e+01,
          1.3594992578950277e+01, 8.0881021933938797e+00,
          3.3985115665137950e+00, -8.2995929586285899e-01,
          -4.4056842341813711e+00, -1.1055925249032481e+00,
          3.2659751962299111e+00, 8.0120842152176230e+00,
          1.3635726724647016e+01, 1.8620866409043764e+01,
          2.0857959026962160e+01, 2.1375639482546219e+01,
          2.1882758930745965e+01, 1.7278756275348067e-01,
          -1.5707219073927601e+00, -3.0234573533238600e+00,
          -4.4045791242815406e+00, -5.6419384033556845e+00,
          -5.3321442802672223e+00, -4.0656134844471019e+00,
          -2.6555011938108573e+00, -1.1895961808007036e+00,
          4.8913081497084593e-01, -4.9671611921305390e+00,
          -7.8246185138066773e+00, -1.0775041494806256e+01,
          -1.3496949876324454e+01, -6.4599731648756027e+00,
          -7.3725856632783744e+00, -8.1781776814085170e+00,
          -7.4128815240690367e+00, -6.6104487492096800e+00,
          -8.2080240762259338e-01, -1.0632067128246891e+00,
          -1.2600632209360467e+00, -1.2461367769537035e+00,
          -1.1993420667475991e+00, -1.1033915145183133e+00,
          -9.0830127471939581e-01, -1.0750788688526627e+00,
          -8.1362830508517381e-01, -4.7918120394420094e-01,
          -7.7680679148571541e-01, -8.5534902531525492e-01,
          -2.7070136932922728e+00, -4.8329484076136504e+00,
          -6.5059208517726184e+00, -8.2531349464933026e+00,
          -6.5793357375338006e+00, -4.8806343540842869e+00,
          -2.6664930623097058e+00, -4.0658501310614827e+00,
          -5.2642803324456793e+00, -6.5018542901971941e+00,
          -5.1399041802926861e+00, -3.8833795328639642e+00,
          -5.1934114929290054e+00, -7.4835588336378720e+00,
          -5.4234848166605731e+00, -4.7505359055081904e+00,
          -6.3640739943126734e+00, -4.4865819093526493e+00 ]
