%YAML:1.0
description: normal
samples:
   - !!opencv-matrix
      rows: 198
      cols: 1
      dt: d
      data: [ -1.9711966850899419e+01, -1.8995292747983132e+01,
          -1.7904016060846651e+01, -1.6524389518032347e+01,
          -1.4583957940006627e+01, -1.1716504070987320e+01,
          -7.9778494202460113e+00, -3.5255023780926833e+00,
          1.5398480707015259e+00, 6.3636364998825625e+00,
          1.0378297916844048e+01, 1.3716648186200812e+01,
          1.6207452704460273e+01, 1.7618578145022916e+01,
          1.8356946675625917e+01, 1.8817885265206151e+01,
          1.8951553336797915e+01, -1.6931242317186381e+01,
          -1.4795209454528136e+01, -1.1980628897558875e+01,
          -9.0104563593457883e+00, -6.1058704055398705e+00,
          2.9236167356961213e+00, 5.8025882456095710e+00,
          8.8694295499010654e+00, 1.1962153854650872e+01,
          1.4592934627312504e+01, -1.1044217856667733e+00,
          -8.4253458538556569e-01, -5.6832253035376745e-01,
          -2.8299337641265082e-01, -3.1939318143516102e+00,
          -1.6215952612418836e+00, 1.8731570630833583e-03,
          1.6750422335476358e+00, 3.2507723041883545e+00,
          -1.3054833111556345e+01, -1.1220871275656126e+01,
          -8.8048058254973327e+00, -6.7578015726094751e+00,
          -8.7734855959982205e+00, -1.0980728187659222e+01,
          4.9891137049600731e+00, 6.8485162131051212e+00,
          9.3073923502108773e+00, 1.1453499033022787e+01,
          9.4723927806451371e+00, 7.1918339200066743e+00,
          -5.7866590404102265e+00, -4.0849936570688197e+00,
          -1.9129748218972584e+00, 6.7425146466293473e-01,
          3.2367952598950520e+00, 5.6606072242798113e+00,
          7.7360570353536229e+00, 6.0663742553550835e+00,
          3.8134756307611783e+00, 1.1681026264614314e+00,
          -1.4688958188804833e+00, -3.8738887348464397e+00,
          -1.9525821229504914e+00, 8.3962057658773648e-01,
          3.6427097053386159e+00, 3.6848513703810664e+00,
          9.1322412086015303e-01, -1.8740332450758928e+00,
          -5.7462915168711088e+00, -7.9851725901681148e-01,
          4.1011136294206825e+00, 8.8287891896461730e+00,
          1.3239575548327743e+01, 1.7161764842660229e+01,
          2.0397381079029650e+01, 2.2673361740814933e+01,
          2.3086516181052190e+01, 2.2173714170249752e+01,
          1.9569219303554807e+01, 1.6210340033242666e+01,
          1.2255308221436190e+01, 7.7057227609985155e+00,
          2.7499698332564240e+00, -2.3813821957329369e+00,
          -7.5335642310922237e+00, -1.4400768327877170e+01,
          -1.6434395600209545e+01, -1.7402718280766322e+01,
          -1.7536885137825486e+01, -1.7069722400767315e+01,
          -1.7868179072545150e+01, -1.8981041934570236e+01,
          -1.9466048947836757e+01, -1.9080711753417059e+01,
          -1.7467736386711220e+01, -1.1753042441864043e+01,
          -8.7864050361092012e+00, -5.8495664686363327e+00,
          -2.9213327304953749e+00, 1.0150413001696679e+00,
          1.2784497340060332e+00, 1.2672980817750139e+00,
          9.7931734348037813e-01, 4.1493193256843280e-01,
          -9.7919145611777818e+00, -1.1295461383592967e+01,
          -1.1535046210329934e+01, -1.0498863339220669e+01,
          -9.6767503649882407e+00, -9.3545293455317928e+00,
          -1.1584629768180847e+01, -1.3047998674965276e+01,
          -1.3235434615879074e+01, -1.2133169168871683e+01,
          -1.1272636368525909e+01, -1.1164181458331148e+01,
          9.8123966941524934e+00, 7.7781837393004150e+00,
          6.1902805561234659e+00, 6.0930463073653973e+00,
          5.7168874954778781e+00, 6.8704999078257751e+00,
          8.5066269225303746e+00, 1.0415559115409373e+01,
          1.1712483597619263e+01, 1.2240530930943283e+01,
          1.2204980571643532e+01, 1.1379419406901899e+01,
          8.4785032598060059e+00, 8.0585760559829307e+00,
          7.9353215538599935e+00, 8.8546324766965938e+00,
          9.3227451381859634e+00, 9.3905551724631415e+00,
          2.1132095417455805e+01, 2.0632538172150927e+01,
          2.0355008467611750e+01, 1.8336399054828284e+01,
          1.3653185967272378e+01, 8.1541996486335417e+00,
          3.3877482065801767e+00, -7.7914820168790444e-01,
          -4.3660683125803201e+00, -1.0390222083551639e+00,
          3.2798753896794755e+00, 8.0772315069291754e+00,
          1.3644229166641267e+01, 1.8510551790875500e+01,
          2.0738270844916489e+01, 2.1224140122821687e+01,
          2.1656793110145045e+01, 1.5878695670342341e-01,
          -1.5261996034743242e+00, -2.9835979773964438e+00,
          -4.3909819769731016e+00, -5.6801096301565037e+00,
          -5.3775078243019472e+00, -4.0568753435351512e+00,
          -2.6327360595145906e+00, -1.1739627494318998e+00,
          4.8878877411249400e-01, -5.0010647545308089e+00,
          -7.7730572131442139e+00, -1.0657194765139980e+01,
          -1.3397028495482500e+01, -6.3173950866938648e+00,
          -7.2794946744737388e+00, -8.1630267386961730e+00,
          -7.3034706854265758e+00, -6.4716053200976686e+00,
          -8.6070321816987627e-01, -1.0105551724447228e+00,
          -1.1731765166429278e+00, -1.1848486805928711e+00,
          -1.2455939833539491e+00, -1.1136494574907840e+00,
          -9.0688382422403735e-01, -1.0212975909041546e+00,
          -7.6480647196432960e-01, -4.7874730937994664e-01,
          -7.8196174321484779e-01, -9.1722448081895569e-01,
          -2.7945501113981521e+00, -4.9381880305414310e+00,
          -6.5882558238119726e+00, -8.3584986281761999e+00,
          -6.5852319410700559e+00, -4.9377046219823066e+00,
          -2.7629461230671066e+00, -4.1650499054386980e+00,
          -5.3392269270258197e+00, -6.5750878568762756e+00,
          -5.2627541113492953e+00, -4.0318127441966096e+00,
          -5.1091146888260077e+00, -7.4151348034760360e+00,
          -5.2851809689378806e+00, -4.7080662988482400e+00,
          -6.2493384918204660e+00, -4.4945961419570084e+00 ]
