%YAML:1.0
description: "angry"
samples:
   - !!opencv-matrix
      rows: 198
      cols: 1
      dt: d
      data: [ -1.8525831627199164e+01, -1.8148985717443427e+01,
          -1.7506630108169144e+01, -1.6451612802590780e+01,
          -1.4758502147556843e+01, -1.1974898942577294e+01,
          -8.1204516726209217e+00, -3.5575701883643482e+00,
          1.7261970531932946e+00, 6.9128835464951841e+00,
          1.1068136671448274e+01, 1.4325939983155275e+01,
          1.6373047468955956e+01, 1.7334955273259919e+01,
          1.7631109195737423e+01, 1.7442645303489357e+01,
          1.6938257254770829e+01, -1.5498311288982384e+01,
          -1.3664806308498724e+01, -1.1091581795739536e+01,
          -8.3271546836784047e+00, -5.6215906790872419e+00,
          3.4073659347496403e+00, 5.8695044315820386e+00,
          8.4857011628029149e+00, 1.1071993452106215e+01,
          1.3160703061709340e+01, -6.1119708859715383e-01,
          -4.6734915782615782e-01, -3.2959676207215444e-01,
          -1.9790999434314108e-01, -3.1896214642614815e+00,
          -1.5562829607679520e+00, 1.0135671133547081e-01,
          1.6789712679468798e+00, 3.2250187250861999e+00,
          -1.2042780367325253e+01, -1.0246830630154014e+01,
          -8.1496764043175034e+00, -6.3090158948119024e+00,
          -8.1619193834962989e+00, -1.0178231345927678e+01,
          5.0191965255106439e+00, 6.7610698260299298e+00,
          8.8484802985910243e+00, 1.0716624747565662e+01,
          8.9312923168390963e+00, 6.9206127900224974e+00,
          -7.0532553817377508e+00, -5.7108492193956391e+00,
          -3.1738955992775821e+00, 2.1967901289329358e-01,
          3.6002643055512582e+00, 6.3763373562260686e+00,
          8.0409455504732623e+00, 7.0738357100180904e+00,
          4.8362288598600820e+00, 1.0918021525349755e+00,
          -2.8275924175879581e+00, -5.5125978779641205e+00,
          -3.9517043382789647e+00, 3.3465988226051735e-01,
          4.6597134351470055e+00, 5.2936205552895208e+00,
          9.3495361097292551e-01, -3.6900212717071521e+00,
          -6.6070035146005592e+00, -1.0647623553429997e+00,
          4.4617477972355433e+00, 9.6948272907449304e+00,
          1.4435620736457288e+01, 1.8496982344144456e+01,
          2.1672121616099602e+01, 2.3986439214596636e+01,
          2.4315201981758189e+01, 2.3159181481924975e+01,
          2.0070322702240578e+01, 1.6218378659009360e+01,
          1.1679154995620033e+01, 6.7452365651626192e+00,
          1.5038883404032342e+00, -3.9519772091268113e+00,
          -9.3809085938884547e+00, -1.3302282401302804e+01,
          -1.5500164637198155e+01, -1.6631615867667620e+01,
          -1.6818896843844620e+01, -1.6421448975940180e+01,
          -1.6922370822196712e+01, -1.7671500852819857e+01,
          -1.7886530229707216e+01, -1.7258919081659325e+01,
          -1.5536836114027160e+01, -1.2022259643850676e+01,
          -1.0012022758376302e+01, -8.0222825989419277e+00,
          -6.0417461716245260e+00, -1.5982269921916363e+00,
          -1.4367043502728161e+00, -1.4632887857444994e+00,
          -1.6395916379632387e+00, -1.9953650022379710e+00,
          -9.6514586439255048e+00, -1.0600610238515754e+01,
          -1.0832370733425110e+01, -1.0319054635171669e+01,
          -9.5835405806836089e+00, -9.3071053479595456e+00,
          -1.1063342721408407e+01, -1.1777418627678335e+01,
          -1.1834860659981469e+01, -1.1111466989342416e+01,
          -1.0534768449628517e+01, -1.0555413307899517e+01,
          8.9390654792345625e+00, 5.7446753226733556e+00,
          3.3328275047217764e+00, 2.8133440262852707e+00,
          2.9026319176194706e+00, 4.9946004010443259e+00,
          8.0484185098522598e+00, 1.1783357445218485e+01,
          1.4835553495183214e+01, 1.5916158937462070e+01,
          1.5317808374655851e+01, 1.2547602682099175e+01,
          5.8293427503702802e+00, 4.7459066513009844e+00,
          5.2865382786791768e+00, 1.1567613940629025e+01,
          1.3169557395607809e+01, 1.2144163644829110e+01,
          2.1183779753486181e+01, 2.0848537058292138e+01,
          2.0420732573319782e+01, 1.8199881467194938e+01,
          1.3757211030469351e+01, 8.1574381293902665e+00,
          2.9350497029635196e+00, -8.9303189962143992e-01,
          -4.7011830617506822e+00, -7.9987384425220787e-01,
          3.0604026605534811e+00, 8.3464422743974058e+00,
          1.3990300638253263e+01, 1.8338259496779738e+01,
          2.0550053878520977e+01, 2.0908231110236802e+01,
          2.1254525835589188e+01, -9.2063063175404636e-03,
          -1.5735085545101173e+00, -2.9818801468109011e+00,
          -4.4193943452012032e+00, -5.8112520561248413e+00,
          -5.8797542556497682e+00, -4.4045431908568382e+00,
          -2.8877332649257923e+00, -1.4037912737885785e+00,
          1.3330523305505304e-01, -5.1840680276584408e+00,
          -7.6910385534794017e+00, -1.0291889043873596e+01,
          -1.2999217600841606e+01, -6.1449866067874277e+00,
          -6.9303181562633895e+00, -7.7293559664497558e+00,
          -6.9227363225932921e+00, -6.0399601336259776e+00,
          -1.0308487868356757e+00, -1.0435189115787940e+00,
          -1.2311282427541184e+00, -1.0736595058212290e+00,
          -1.1799804292223059e+00, -1.1267481823909202e+00,
          -1.0840926571813279e+00, -1.1278337391001010e+00,
          -9.3476597392512040e-01, -9.5288959709318022e-01,
          -1.0771371527672386e+00, -1.1691715280230239e+00,
          -2.6711506301599135e+00, -4.6153603417809794e+00,
          -6.2952806317327461e+00, -8.1029090628244589e+00,
          -6.2568131991601144e+00, -4.5274714981722335e+00,
          -2.6038248718951484e+00, -4.1279613466913059e+00,
          -5.6441220608113518e+00, -7.1698792515305723e+00,
          -5.6761625449673900e+00, -4.1909782104905933e+00,
          -4.7639522961093945e+00, -7.4487576248724006e+00,
          -4.6486984029366942e+00, -4.1713382032770561e+00,
          -6.1551808014309133e+00, -4.2837004440047446e+00 ]
